0 0
1 0
2 1
3 1
4 1
5 0
6 0
7 0
8 0
9 0
10 0
11 1
12 0
13 0
14 1
15 0
16 1
17 0
18 0
19 1
20 1
21 0
22 1
23 0
24 0
25 0
26 1
27 0
28 1
29 0
30 0
31 0
32 0
33 0
34 0
35 0
36 1
37 0
38 0
39 1
40 0
41 0
42 0
43 0
44 0
45 0
46 0
47 1
48 0
49 0
50 0
51 0
52 0
53 0
54 1
55 0
56 0
57 0
58 1
59 1
60 0
61 0
62 0
63 1
64 0
65 0
66 0
67 1
68 0
69 0
70 0
71 0
72 1
73 1
74 1
75 0
76 0
77 1
78 1
79 0
80 0
81 0
82 0
83 0
84 1
85 0
86 0
87 0
88 0
89 0
90 0
91 0
92 0
93 0
94 0
95 0
96 1
97 1
98 0
99 0
100 0
101 0
102 1
103 0
104 0
105 0
106 0
107 1
108 0
109 0
110 0
111 1
112 0
113 0
114 0
115 0
116 0
117 1
118 0
119 0
120 0
121 0
122 0
123 0
124 0
125 0
126 1
127 0
128 0
129 0
130 1
131 0
132 0
133 0
134 1
135 1
136 1
137 1
138 0
139 0
140 0
141 0
142 0
143 0
144 0
145 0
146 0
147 1
148 0
149 0
150 1
151 1
152 0
153 0
154 0
155 1
156 1
157 1
158 1
159 0
160 1
161 0
162 1
163 1
164 0
165 0
166 0
167 0
168 1
169 0
170 0
171 0
172 0
173 0
174 1
175 0
176 0
177 0
178 0
179 0
180 0
181 0
182 0
183 1
184 0
185 0
186 1
187 0
188 0
189 1
190 0
191 0
192 0
193 0
194 0
195 0
196 0
197 1
198 0
199 0
200 1
201 0
202 0
203 0
204 0
205 0
206 1
207 0
208 0
209 0
210 0
211 1
212 1
213 1
214 0
215 0
216 1
217 0
218 1
219 0
220 0
221 1
222 1
223 0
224 0
225 0
226 0
227 1
228 1
229 0
230 0
231 1
232 0
233 1
234 0
235 0
236 0
237 0
238 1
239 1
240 0
241 1
242 0
243 0
244 1
245 1
246 0
247 0
248 0
249 0
250 1
251 0
252 1
253 0
254 1
255 0
256 0
257 0
258 1
259 0
260 0
261 0
262 0
263 0
264 0
265 0
266 0
267 0
268 0
269 0
270 0
271 0
272 0
273 1
274 1
275 0
276 0
277 0
278 1
279 0
280 1
281 0
282 0
283 0
284 1
285 0
286 0
287 0
288 0
289 0
290 1
291 0
292 0
293 0
294 0
295 0
296 0
297 1
298 0
299 1
300 1
301 0
302 1
303 0
304 1
305 0
306 1
307 1
308 0
309 1
310 0
311 0
312 0
313 0
314 0
315 0
316 0
317 1
318 1
319 0
320 0
321 1
322 0
323 0
324 0
325 0
326 0
327 1
328 0
329 0
330 0
331 0
332 0
333 0
334 0
335 0
336 0
337 1
338 0
339 0
340 0
341 0
342 0
343 0
344 0
345 0
346 1
347 0
348 0
349 0
350 1
351 1
352 0
353 1
354 0
355 0
356 0
357 0
358 0
359 0
360 1
361 0
362 0
363 0
364 0
365 0
366 0
367 0
368 1
369 1
370 0
371 0
372 0
373 0
374 0
375 0
376 0
377 0
378 0
379 0
380 0
381 0
382 0
383 0
384 0
385 1
386 0
387 0
388 1
389 0
390 0
391 1
392 0
393 0
394 0
395 1
396 0
397 0
398 1
399 0
400 0
401 0
402 1
